.Random.seed <-
c(403L, 49L, -2035121801L, -511519157L, 1381453136L, 915735304L, 
1390083854L, 768015411L, 771946947L, 922467961L, 467701024L, 
-882956226L, -1480968695L, 117548560L, -1337835061L, 1710765096L, 
450678308L, -1914817399L, 84944802L, 1056297043L, -107641329L, 
-1336980256L, -1361054809L, 234490773L, -2123216701L, 1692909218L, 
686178596L, -1701135773L, 1746664749L, -401482750L, -1628051688L, 
-1608341925L, -1838219355L, 900027025L, -1576965611L, -864406553L, 
1106916211L, -1568352005L, 1908615090L, -1672677047L, 1612095014L, 
-693012665L, 652993487L, -1244872966L, -1625290896L, 1978038052L, 
-1165629124L, -2052055062L, 782226732L, -1752931350L, -1052557209L, 
1740638331L, 966208473L, -1374042062L, 1480789710L, -879510669L, 
-800147954L, -10710855L, 94877534L, -637411861L, -462336193L, 
703613309L, 107105348L, 2137150077L, -1774310675L, 1053271447L, 
-1692323235L, 190259456L, -967254159L, -1616847429L, 1199064135L, 
250717071L, -944479630L, 701343357L, 1099298334L, 889880371L, 
1249937748L, 1529775120L, -1608185037L, 2058817628L, -761241542L, 
1427629410L, 358054525L, 1623322363L, -1729526898L, -1394158044L, 
1368737872L, 256351835L, 1392909633L, -227035682L, 1717393191L, 
1941651527L, -198604012L, 728538933L, -1119392858L, -330853583L, 
450252611L, -1040310242L, -291888857L, -189153867L, -1079386459L, 
-89715439L, 1935504471L, -386302609L, 559675918L, 1421511044L, 
-689517875L, 1491380060L, 376839598L, -1371519384L, 1624059258L, 
-1411215639L, 1328666556L, -1214973671L, 1872577016L, 495570674L, 
-756363754L, 363066120L, -1995437399L, -1990267811L, -1657688475L, 
-554587580L, -1417353361L, 1515546482L, 197772692L, -1814928656L, 
-1634424326L, -527584699L, 1889167814L, 10109426L, 579406138L, 
-1524712996L, -1690716120L, 607214981L, -784989045L, -1401062309L, 
-636619421L, 1767647384L, -279650850L, 1879112278L, -2113308662L, 
-181870300L, 2103665628L, -784202189L, 1048870642L, -1839620407L, 
-1946287492L, 1758104573L, 2017873435L, -462204297L, -1522371420L, 
-2132481666L, 789074435L, 2142295290L, -1721660959L, 663061711L, 
668272098L, 880436730L, -1495444597L, 1338445553L, -611820066L, 
-2073046738L, 863104645L, -341613564L, 1209312119L, 1141555143L, 
2111517589L, -1885602989L, 2096897343L, -1155809832L, 167884568L, 
636393294L, -1000118146L, -2103840057L, -734239027L, -502479891L, 
1664877867L, -382218898L, -70531534L, -130661533L, 1500477008L, 
709226108L, 312829295L, 52540294L, -1159968850L, 8848428L, -1045218321L, 
-1626695700L, 862678816L, -2138036554L, -1020597810L, -800278809L, 
176209041L, 1989071390L, -1888554793L, -1952114734L, 1801987957L, 
-713728289L, -971380035L, -1830763141L, 346591222L, 1015722135L, 
1277855363L, -2047575744L, 808453003L, -933731871L, -826670067L, 
-364148255L, -815445667L, 584313787L, -1961996050L, 1382692856L, 
1783742824L, 989248902L, -323167139L, 1458637597L, 2102362706L, 
-1371753486L, 2014136707L, -1994581023L, -1784424831L, -969736135L, 
573880551L, -499819371L, -1502557373L, 1573819821L, 1083579546L, 
-598111357L, -1263762992L, 1599586469L, 653573637L, 1322815551L, 
-1557739212L, 344716910L, 1584734437L, 1422626091L, 1093930410L, 
-896498927L, -1095770034L, 681590671L, -1936781786L, 63515382L, 
1864273885L, -646149251L, -356702487L, 2106014354L, -754143830L, 
1845952186L, 87263742L, -127707160L, -1966399658L, 1645568315L, 
-1682051989L, -164487087L, 1810554933L, -776018151L, 827792990L, 
-638455345L, 1860058351L, 194041710L, 1223431017L, 248097886L, 
344864373L, -1657645321L, 859428689L, 2029526544L, -1249892751L, 
-2064383062L, 1702523599L, 816091408L, 1269354205L, 1487904366L, 
-1984048805L, -1435284553L, -1342296052L, -1500203925L, -783653055L, 
395355864L, 374401644L, -1632876247L, -2089245203L, 619303469L, 
-1373708247L, 208808480L, -1210241505L, 1217455763L, 1018694768L, 
-19678293L, -579005785L, -186954088L, 678843812L, -1276014743L, 
-164616151L, -926484610L, 2066897637L, -143431595L, -733285833L, 
-1056531697L, 1972497585L, 63835554L, 70468460L, -728649740L, 
23913843L, 817551034L, -2050741800L, 282653703L, 1871466446L, 
995066281L, 2016561301L, -1912516397L, 2144788810L, 77725218L, 
861099881L, 1925279219L, 1237006134L, 248465795L, -1782513331L, 
1878519263L, -1248948079L, -128685408L, 2038591089L, -1569903520L, 
-327272108L, 1978306586L, 970755548L, 1925463779L, -1214258174L, 
-1223499473L, -703766472L, -476598653L, -289578530L, -1750174823L, 
1186810742L, -2065143181L, -1268536567L, 897744595L, 1394599231L, 
-1134339809L, -383744024L, 11802220L, -621842862L, -1922619071L, 
-1156115333L, -1170405340L, -158919547L, -820266202L, 110583477L, 
1981810556L, 1604352243L, -1417135418L, 1148573578L, 1752295431L, 
-339872047L, -1381483778L, 191829469L, -1612915264L, 967464157L, 
-370548400L, -522093237L, -263081297L, -123940326L, 1353810066L, 
-219180471L, 253617809L, -1110308036L, 127842988L, 1563989764L, 
-585928706L, -800787222L, 828336338L, -637477762L, 457591418L, 
647645612L, -975577014L, 1695789602L, 1528903983L, 1981836005L, 
1224867559L, -347349953L, -228280677L, -429269386L, -659800627L, 
-1847734938L, 1343021940L, -1734021980L, -1542664727L, 610587666L, 
-561317834L, -1999793268L, 992005260L, -483988864L, 1260287948L, 
-1785328410L, 1770177058L, 91329986L, 322742273L, -661248545L, 
1721227059L, 1544928532L, 657020676L, -790793388L, 2074587376L, 
2051595580L, -117910015L, 854888945L, 642537758L, 1460666987L, 
596575262L, -1978594164L, 310623427L, -846078126L, -5185309L, 
1897921388L, 444694034L, -1707041590L, 892950372L, 1919375531L, 
1554233453L, -1056604058L, -1444657059L, 445772611L, -1317850818L, 
-1674593989L, 1686721285L, 273798248L, -1928431417L, -205244723L, 
-1210734327L, -2083525530L, -1030734054L, -1730964113L, 293596752L, 
-1162228316L, -1618686001L, -1952865634L, 774620244L, 2033075401L, 
2144393823L, 1040520226L, 762553979L, 867686189L, -1137887390L, 
-1902749580L, 1985722593L, -1564564037L, 1006144195L, 95673461L, 
-393036081L, -720426423L, -1665263933L, -106050759L, -2027751588L, 
-2000391368L, 764569966L, 41427605L, 1990981977L, 351572479L, 
-1013042705L, 28207741L, 1670060145L, -2021316764L, -539598674L, 
1423881482L, -1145430215L, -429099241L, -1491294358L, -1689779772L, 
1310700370L, -307675674L, -365598072L, -1894786556L, -483532061L, 
1938227272L, 705134453L, 1325767526L, 1873542839L, -1710881787L, 
1062626369L, -1839930391L, 1334495553L, 1235187208L, 309816882L, 
-299058101L, 84972585L, 1971687580L, 1786290971L, -97912260L, 
-678404351L, -1128970787L, 2069818628L, -2131628082L, -903285708L, 
1497329206L, -550140439L, -1823055859L, -1061031017L, -312832922L, 
-244926372L, -817054389L, 992497486L, 1078679851L, -1755912148L, 
19242245L, -936193413L, -165531160L, -1613532920L, -600344650L, 
-138471194L, -125179543L, 2142028605L, -787124880L, -892054886L, 
-2022043851L, 2039409207L, 800110998L, -1902812973L, 1593317845L, 
639433884L, 1477881827L, 911771499L, 1411269658L, -122887967L, 
1599851504L, 1181128180L, -2024770610L, -98842308L, 756877585L, 
1056497157L, -164925091L, 812312307L, 1351009354L, 1109084889L, 
1373169238L, -22329290L, -1543308824L, 1273726969L, -218497857L, 
-1370001917L, 2093127634L, 1183631289L, 1701889690L, -924301735L, 
1568361157L, -1473571151L, -973719631L, 1338489474L, -125722511L, 
40125446L, -591128348L, -648408489L, 820446063L, -849124462L, 
1514685943L, 484145829L, -1290377525L, -1304476031L, -261687787L, 
1999591053L, -1060944532L, -327581688L, -337749777L, 1663633840L, 
2107889548L, 1113119017L, -945805348L, -2106283950L, 677651656L, 
-312421110L, -2144429755L, -1741912195L, 1926299415L, -1038794082L, 
1593877532L, -681215741L, -1671656394L, 1456242664L, 1009147568L, 
-290420382L, 1081255918L, -1153935542L, 651894345L, -2147031942L, 
-508389657L, 1070060396L, 795074981L, -1991140408L, 1063965435L, 
777064520L, -1920192787L, 2083595513L, -1074688233L, 879596176L, 
